2019043009 0.300000 4.260000
2019043009 0.00000 4.260000
2019043010 0.300000 4.260000
2019043011 8.300000 5.140000
2019043012 4.300000 3.140000
2019043013 3.300000 5.199000
2019043014 8.300000 3.150000
2019043015 5.450000 9.330000
2019043016 9.400000 15.440000
2019043017 2.300000 99.739998
2019043018 2.300000 14.940000
2019043008 1.300000 2.700000
2019042908 1.300000 2.700000
2019042909 0.300000 4.260000
2019042911 8.300000 5.140000
2019042912 4.300000 3.140000
2019042913 3.300000 5.199000
2019042914 8.300000 3.150000
2019042915 5.450000 9.330000